3216
3224
3225
3287
3294
3313
3353
3367
3465
3484
3505
3556
3568
3599
3650
3655
3661
3678
3686
3829
3848
3944
4241
4242
4244
4337
4624
4706
4715
4724
5201
5325
5329
5343
5351
5360
5366
5368
5376
5397
5596
5633
5652
5660
5700
5724
5726
5740
5748
5761
5762
5764
5820
5902
5907
5935
5954
5959
6143
6146
6149
6165
6245
6252
6369
6401
6470
6601
6652
6664
6672
6702
6811
6926
6986
6993
6995
7061
7062
7065
7325
7327
7332
7376
7394
7395
7406
7411
7414
7420
7440
7515
7532
7555
7561
7563
7929
7956
7966
7978
7980
7995
7999
8031
8044
8055
8069
8083
8135
8163
8204
8679
8818
8868
